balances:
  XXBT: 1011.19088779
  XETH: 818.55
  USDT: 500000.0
  USDC: 6666.666
  ALI: 1000000.0
  DAI: 9999.9999999999
  MATIC: 9090233.9
  ZUSD: 171288.6158
  ZEUR: 504861.8946
  CHF: 911.87