balances:
  ZUSD: 171288.6158
  ZEUR: 504861.8946
  XXBT: 1011.19088779
  XETH: 818.55
  USDT: 500000.0
  DAI: 9999.9999999999
  DOT: 2.5
  ETH2.S: 198.39708
  ETH2: 2.588557433
  USD.M: 1213029.278